1000,2,1013,1011
1000,2,1012,1016
1000,2,1017,1014
5000,2,5009,5010
1000,2,1015,1018
5000,2,5001,5002
5000,2,5003,5004
5000,2,5005,5006
5000,2,5007,5008
1000,2,1001,1002
1000,2,1006,1007
1000,2,1004,1005
5000,2,5006,5007
1000,2,1008,1003
1000,2,1009,1010
5000,2,5002,5003
5000,2,5004,5005
5000,2,5008,5009
3000,2,3900,3900
3000,2,3900,3900
3000,2,3900,3900
3000,2,3900,3900
3000,2,3900,3900
null,2,9999,9999
8000,2,8001,8004
8000,2,8005,8003
2000,2,2900,2900
2000,2,2900,2900
2000,2,2900,2900
2000,2,2900,2900
8000,2,8001,8003
8000,2,8004,8002
3000,2,3900,3900
3000,2,3900,3900
3000,2,3900,3900
3000,2,3900,3900
3000,2,3900,3900
8000,2,8001,8002
8000,2,8004,8005
null,2,9999,9999	
null,2,9999,9999
null,2,9999,9999
null,2,9999,9999	
null,2,9999,9999